1 (237)2
2 (17)3
2 (25)1
2 (38)1
2 (223)4
2 (149)2
1 (34)3
1 (83)1
2 (197)1
2 (35)3
2 (206)2
1 (211)4
2 (103)1
1 (65)3
1 (237)1
2 (167)2
1 (154)2
1 (30)3
2 (25)2
2 (145)3
1 (154)3
2 (31)4
2 (151)2
2 (149)1
2 (184)1
2 (151)4
1 (175)3
2 (179)1
1 (112)1
2 (222)3
2 (215)1
2 (28)1
2 (28)2
1 (24)4
2 (175)1
2 (19)4
2 (175)3
2 (162)3
1 (51)1
1 (233)3
2 (106)4
1 (51)3
2 (103)3
1 (237)3
1 (233)2
2 (205)3
1 (24)3
1 (83)4
2 (106)2
2 (178)2
2 (12)1
2 (185)1
2 (179)4
1 (112)2
1 (252)4
1 (24)1
2 (150)4
2 (148)2
1 (58)1
1 (252)3
1 (248)1
1 (58)4
2 (203)1
2 (40)2
2 (178)3
1 (175)1
2 (218)1
2 (40)1
1 (204)4
2 (196)3
1 (13)3
2 (215)4
2 (177)3
2 (205)4
2 (174)4
2 (167)4
1 (28)1
2 (139)2
2 (35)1
2 (30)4
2 (223)1
2 (29)3
2 (139)1
2 (203)3
2 (30)2
2 (204)4
2 (12)3
1 (157)3
2 (178)1
1 (28)4
2 (223)2
2 (206)1
2 (174)1
1 (233)1
2 (207)1
2 (179)2
1 (157)1
2 (185)2
1 (180)1
2 (25)3
2 (180)1
2 (148)1
2 (196)1
2 (215)2
1 (83)2
1 (180)4
2 (222)4
2 (31)2
1 (52)3
1 (295)3
1 (155)3
2 (209)3
2 (29)1
1 (90)1
1 (101)4
1 (23)3
2 (150)3
1 (13)4
2 (145)1
1 (295)1
2 (177)4
2 (196)4
1 (155)2
1 (100)2
1 (58)3
2 (29)4
2 (203)2
1 (143)1
2 (12)4
1 (248)4
2 (167)1
1 (157)4
2 (206)3
1 (100)1
2 (150)1
1 (155)4
2 (209)4
1 (101)2
2 (19)1
2 (180)4
2 (30)1
1 (58)2
2 (184)4
2 (174)2
2 (180)3
1 (268)3
2 (17)4
2 (177)2
2 (29)2
1 (175)4
2 (38)3
1 (232)1
1 (179)1
2 (207)2
2 (223)3
2 (205)1
1 (118)2
1 (28)2
1 (154)1
2 (40)4
2 (209)1
1 (179)4
1 (51)4
1 (11)2
2 (162)4
2 (145)4
2 (222)2
1 (179)2
1 (65)2
1 (64)1
2 (204)2
2 (222)1
1 (118)3
1 (232)2
1 (252)1
1 (85)3
2 (184)3
2 (173)4
1 (64)3
1 (30)4
1 (90)3
1 (28)3
1 (237)4
1 (143)4
2 (19)3
1 (248)3
2 (30)3
2 (167)3
1 (52)4
2 (12)2
2 (17)2
2 (196)2
1 (204)3
2 (197)2
2 (35)2
1 (112)4
1 (118)1
2 (148)4
1 (90)4
2 (34)2
2 (175)4
1 (105)3
1 (105)1
2 (149)3
2 (204)3
2 (106)1
2 (218)2
1 (64)4
2 (207)4
2 (215)3
1 (85)4
2 (145)2
1 (85)2
1 (65)4
1 (295)2
2 (28)3
2 (209)2
2 (185)4
2 (184)2
1 (233)4
2 (173)1
1 (34)1
1 (65)1
2 (17)1
1 (11)3
2 (106)3
1 (52)1
1 (24)2
1 (143)3
1 (180)2
1 (204)1
1 (211)1
1 (268)1
2 (162)2
1 (52)2
1 (105)4
1 (23)1
1 (51)2
2 (174)3
1 (85)1
1 (34)4
1 (101)3
1 (11)4
1 (268)2
1 (13)2
1 (64)2
1 (100)3
1 (13)1
2 (218)3
2 (103)2
1 (30)2
2 (178)4
1 (295)4
1 (101)1
2 (204)1
1 (105)2
1 (118)4
2 (139)3
2 (173)3
2 (218)4
2 (31)3
2 (197)4
2 (38)4
1 (157)2
1 (204)2
2 (177)1
2 (40)3
1 (30)1
1 (232)3
1 (23)4
2 (139)4
1 (232)4
1 (252)2
1 (211)3
1 (34)2
2 (28)4
2 (151)1
2 (19)2
1 (143)2
1 (248)2
1 (155)1
2 (151)3
1 (83)3
2 (175)2
